2022-01-26 14:36:02.778976
trans_prob:
 [[0.9  0.8  0.65 0.63 0.1 ]
 [0.99 0.85 0.75 0.15 0.01]]
1 14:36:05 [   1    8 4630 4994  367]
1 14:36:08 [   1   12 4869 4777  341]
1 14:36:11 [   4    7 4451 5169  369]
 slide: 0.8835999999999999
2 14:36:14 [   1   11 4739 4916  333]
2 14:36:17 [   1    2 4694 5005  298]
2 14:36:20 [   0    2 4990 4507  501]
 slide: 0.8760666666666667
3 14:36:24 [   0    6 4780 4924  290]
3 14:36:27 [   2    5 4986 4717  290]
3 14:36:30 [   3   38 4654 5044  261]
 slide: 0.8864333333333333
4 14:36:33 [   2    7 4453 5194  344]
4 14:36:36 [   1    3 4868 4816  312]
4 14:36:39 [   1    2 4999 4666  332]
 slide: 0.8674333333333334
5 14:36:43 [   2    6 4810 4907  275]
5 14:36:46 [   1    4 4901 4758  336]
5 14:36:49 [   1    7 4781 4910  301]
 slide: 0.8699
6 14:36:52 [   1    2 4920 4742  335]
6 14:36:56 [   2    4 5192 4359  443]
6 14:37:00 [   1    5 4721 4922  351]
 slide: 0.8691666666666666
7 14:37:03 [   1    2 4632 4956  409]
7 14:37:07 [   0   13 4861 4822  304]
7 14:37:11 [   0    3 4974 4660  363]
 slide: 0.8708
8 14:37:16 [   0    2 4807 4801  390]
8 14:37:19 [   1    4 4959 4697  339]
8 14:37:22 [   0   11 4598 5117  274]
 slide: 0.8795333333333333
9 14:37:25 [   2    2 4922 4809  265]
9 14:37:29 [   2    6 4648 4996  348]
9 14:37:32 [   1    4 4948 4538  509]
 slide: 0.8733666666666666
10 14:37:36 [   1    6 4747 4962  284]
10 14:37:40 [   2    2 4919 4781  296]
10 14:37:44 [   1    5 4878 4749  367]
 slide: 0.8651333333333332
2022-01-26 15:05:07.643238
trans_prob:
 [[0.9  0.8  0.65 0.63 0.1 ]
 [0.99 0.85 0.75 0.15 0.01]]
1 15:05:11 [   0    4 5036 4627  333]
1 15:05:14 [   3   15 5077 4490  415]
1 15:05:18 [   0    2 5054 4571  373]
 slide: 0.8748666666666667
2 15:05:21 [   3    5 4906 4719  367]
2 15:05:25 [   2    4 4865 4763  366]
2 15:05:28 [   0    4 4800 4844  352]
 slide: 0.8943333333333333
3 15:05:31 [   0    4 4648 5053  295]
3 15:05:34 [   2   10 4950 4716  322]
3 15:05:37 [   5   17 5033 4531  414]
 slide: 0.879
4 15:05:41 [   1    8 4973 4742  276]
4 15:05:46 [   2   13 4774 4892  319]
4 15:05:51 [   2    3 4797 4848  350]
 slide: 0.888
5 15:05:56 [   0    7 4834 4819  340]
5 15:06:03 [   1    6 4872 4716  405]
5 15:06:08 [   0    6 4941 4710  343]
 slide: 0.8830333333333332
6 15:06:13 [   1    7 4771 4872  349]
6 15:06:18 [   2    5 4730 4929  334]
6 15:06:23 [   2   10 4961 4632  395]
 slide: 0.8946333333333333
7 15:06:27 [   4   30 4647 4962  357]
7 15:06:32 [   1    5 4961 4660  373]
7 15:06:35 [   0    9 4960 4673  358]
 slide: 0.8827999999999999
8 15:06:38 [   0   11 4818 4866  305]
8 15:06:42 [   2    6 5111 4501  380]
8 15:06:45 [   1    3 4828 4840  328]
 slide: 0.8795000000000001
9 15:06:49 [   0    5 5028 4589  378]
9 15:06:54 [   2    3 4870 4764  361]
9 15:06:57 [   1    4 4891 4789  315]
 slide: 0.8889
10 15:07:02 [   1    6 4865 4727  401]
10 15:07:06 [   3   16 4830 4750  401]
10 15:07:09 [   0    3 4833 4841  323]
 slide: 0.8762
