2022-01-26 15:13:55.071300
2022-01-26 15:14:27.056702
trans_prob:
 [[0.9  0.8  0.65 0.63 0.1 ]
 [0.99 0.85 0.75 0.15 0.01]]
600 15:15:01 [    2    26 52471 42894  4607]
600 15:15:43 [    0     6 51649 44022  4323]
600 15:16:18 [    0    18 51711 43720  4551]
 slide: 0.3868466666666667
1200 15:16:54 [    0     3 41705 54767  3525]
1200 15:17:30 [    0     6 41485 54947  3562]
1200 15:18:17 [    2    29 41587 54808  3574]
 slide: 0.7115133333333334
2400 15:18:56 [    1     4 44204 52358  3433]
2400 15:19:35 [    1    12 42670 54024  3293]
2400 15:20:11 [    1    11 43516 53275  3197]
 slide: 0.8407899999999998
3600 15:20:54 [    1     5 45543 51002  3449]
3600 15:21:37 [    1    11 44328 52208  3452]
3600 15:22:14 [    1    10 44955 51442  3592]
 slide: 0.8724400000000001
5000 15:22:52 [    2     9 45013 51698  3278]
5000 15:23:37 [    2     8 45376 51148  3466]
5000 15:24:18 [    1     8 45160 51483  3348]
 slide: 0.8991666666666666
10000 15:24:58 [    0     6 45662 51062  3270]
10000 15:25:38 [    0    10 45430 51221  3339]
10000 15:26:24 [    2     8 46050 50758  3182]
 slide: 0.9226200000000001
50000 15:27:05 [    1     4 46604 50148  3243]
50000 15:27:44 [    1     6 46571 50164  3258]
50000 15:28:23 [    1     6 46429 50271  3293]
 slide: 0.9451833333333334
