2022-01-26 14:36:14.592269
trans_prob:
 [[0.9  0.8  0.65 0.63 0.1 ]
 [0.99 0.85 0.75 0.15 0.01]]
1 14:36:17 [   0    4 5234 4399  363]
1 14:36:21 [   1   10 5206 4408  375]
1 14:36:24 [   3    5 5114 4510  368]
 slide: 0.8873333333333333
2 14:36:27 [   1    6 4920 4773  300]
2 14:36:30 [   1   10 4786 4853  350]
2 14:36:33 [   1   10 5021 4579  389]
 slide: 0.8939666666666666
3 14:36:36 [   0    4 4603 5096  297]
3 14:36:39 [   0    4 4793 4901  302]
3 14:36:42 [   1    4 4846 4817  332]
 slide: 0.8818333333333332
4 14:36:45 [   1    5 4525 5073  396]
4 14:36:48 [   1    3 4552 5032  412]
4 14:36:52 [   0    1 4589 5071  339]
 slide: 0.8761
5 14:36:55 [   0   12 4441 5080  467]
5 14:36:59 [   3    9 4481 5122  385]
5 14:37:02 [   0    2 4293 5338  367]
 slide: 0.8532000000000001
6 14:37:06 [   0    2 4314 5330  354]
6 14:37:11 [   7    5 4631 4872  485]
6 14:37:15 [   2   14 4090 5466  428]
 slide: 0.8327666666666665
7 14:37:18 [   0    3 4092 5575  330]
7 14:37:21 [   2    6 3817 5760  415]
7 14:37:24 [   0    7 3974 5663  356]
 slide: 0.8070333333333334
8 14:37:28 [   2    9 1348 7926  715]
8 14:37:31 [   1    2 3412 6251  334]
8 14:37:34 [   1    4 4232 5388  375]
 slide: 0.6903666666666667
9 14:37:37 [   1    3 1633 7216 1147]
9 14:37:42 [   1    4 2869 5902 1224]
9 14:37:46 [   0    5 4197 4949  849]
 slide: 0.6295333333333334
10 14:37:49 [   4    8 2239 6883  866]
10 14:37:52 [   2    3 2409 6940  646]
10 14:37:56 [   3    3 2635 6657  702]
 slide: 0.6369
2022-01-26 15:05:12.904197
trans_prob:
 [[0.9  0.8  0.65 0.63 0.1 ]
 [0.99 0.85 0.75 0.15 0.01]]
1 15:05:16 [   1    5 5030 4597  367]
1 15:05:19 [   1    4 5138 4467  390]
1 15:05:23 [   0   11 5018 4534  437]
 slide: 0.8789666666666666
2 15:05:26 [   1    6 5023 4662  308]
2 15:05:29 [   5    7 4834 4854  300]
2 15:05:32 [   0    5 5061 4646  288]
 slide: 0.8864000000000001
3 15:05:35 [   0   10 4679 5009  302]
3 15:05:39 [   2   15 4902 4613  468]
3 15:05:42 [   0    4 4933 4706  357]
 slide: 0.8710999999999999
4 15:05:47 [   2    3 4719 5022  254]
4 15:05:52 [   2   13 4839 4806  340]
4 15:05:58 [   2    4 4826 4841  327]
 slide: 0.8658666666666667
5 15:06:04 [   1    4 4394 5229  372]
5 15:06:09 [   2   13 4492 5125  368]
5 15:06:14 [   1   12 4399 4991  597]
 slide: 0.8514666666666667
6 15:06:19 [   1    9 3948 5715  327]
6 15:06:23 [   0    2 4561 5142  295]
6 15:06:28 [   0    2 4401 4829  768]
 slide: 0.8268666666666666
7 15:06:32 [   4    4 3853 5724  415]
7 15:06:35 [   0    6 3796 5807  391]
7 15:06:38 [   4    8 4411 5159  418]
 slide: 0.7712
8 15:06:42 [   0    8 4203 4691 1098]
8 15:06:45 [   1    3 3181 6141  674]
8 15:06:49 [   2    1 3333 5954  710]
 slide: 0.7133666666666666
9 15:06:53 [   1    4 2670 6556  769]
9 15:06:57 [   1   18 3186 6421  374]
9 15:07:01 [   4    6 1743 7596  651]
 slide: 0.6449666666666667
10 15:07:05 [   1    4 2468 6895  632]
10 15:07:09 [   2    3 2023 7328  644]
10 15:07:14 [   0    3 2075 7042  880]
 slide: 0.6057
2022-02-08 12:28:19.674281
trans_prob:
 [[0.9  0.8  0.65 0.63 0.1 ]
 [0.99 0.85 0.75 0.15 0.01]]
1 12:28:22 [   0   11 5087 4579  323]
 slide: 0.9008
2 12:28:25 [   1   10 4870 4801  318]
 slide: 0.8649
3 12:28:29 [   1    2 4528 5192  277]
 slide: 0.8869
4 12:28:32 [   1    4 4567 5015  413]
 slide: 0.863
5 12:28:34 [   0    4 4080 5498  418]
 slide: 0.8244
6 12:28:37 [   1    3 4363 5161  472]
 slide: 0.8541
7 12:28:40 [   0    9 3856 5575  560]
 slide: 0.7903
8 12:28:43 [   0    2 2960 6282  756]
 slide: 0.6829
9 12:28:46 [   0    9 3448 5821  722]
 slide: 0.6984
10 12:28:49 [   0    4 3240 6122  634]
 slide: 0.6525
2022-02-08 12:29:51.273264
trans_prob:
 [[0.9  0.8  0.65 0.63 0.1 ]
 [0.99 0.85 0.75 0.15 0.01]]
1 12:29:54 [   1    9 5107 4535  348]
 slide: 0.8978
2 12:29:56 [   1   11 5099 4492  397]
 slide: 0.8675
3 12:29:59 [   0    2 4695 5029  274]
 slide: 0.8824
4 12:30:02 [   4   21 4425 5186  364]
 slide: 0.8649
5 12:30:04 [   1    5 4566 4821  607]
 slide: 0.8301
6 12:30:07 [   0   14 4160 5274  552]
 slide: 0.8344
7 12:30:10 [   0    1 4304 5244  451]
 slide: 0.8444
8 12:30:12 [   0    5 3599 6078  318]
 slide: 0.7836
9 12:30:15 [   1    8 3449 6068  474]
 slide: 0.7462
10 12:30:17 [   1    5 2856 6594  544]
 slide: 0.6598
2022-02-08 12:32:20.685532
trans_prob:
 [[0.9  0.8  0.65 0.63 0.1 ]
 [0.99 0.85 0.75 0.15 0.01]]
1 12:32:23 [   3   15 5015 4618  349]
 slide: 0.8909
2 12:32:26 [   1    3 4734 4915  347]
 slide: 0.8836
3 12:32:29 [   1    4 4715 5000  280]
 slide: 0.8738
4 12:32:31 [   2    8 4628 4861  501]
 slide: 0.8392
5 12:32:34 [   1    4 4428 5182  385]
 slide: 0.8524
6 12:32:36 [   1    3 4349 5229  418]
 slide: 0.8364
7 12:32:39 [   0    2 3807 5703  488]
 slide: 0.8001
8 12:32:42 [   2   16 4045 5073  864]
 slide: 0.7635
9 12:32:45 [  11    4 2670 6695  620]
 slide: 0.6596
10 12:32:48 [   0    2 1813 7536  649]
 slide: 0.5927
2022-02-08 12:34:27.140343
trans_prob:
 [[0.9  0.8  0.65 0.63 0.1 ]
 [0.99 0.85 0.75 0.15 0.01]]
1 12:34:29 [   1    4 5254 4401  340]
 slide: 0.8801
2 12:34:33 [   0    2 4919 4752  327]
 slide: 0.8973
3 12:34:36 [   0    2 4883 4762  353]
 slide: 0.8744
4 12:34:39 [   0    6 4494 5038  462]
 slide: 0.874
5 12:34:41 [   0    5 4691 4779  525]
 slide: 0.8657
6 12:34:44 [   0    4 4612 4655  729]
 slide: 0.8302
7 12:34:47 [   3    5 3765 5851  376]
 slide: 0.7866
8 12:34:50 [   2    8 2655 7063  272]
 slide: 0.7038
9 12:34:53 [   0    8 2473 7012  507]
 slide: 0.6358
10 12:34:56 [   0    6 2004 7529  461]
 slide: 0.6329
