2022-02-01 13:25:51.254378
trans_prob:
 [[0.9  0.8  0.65 0.63 0.1 ]
 [0.99 0.85 0.75 0.15 0.01]]
偏差: 0.1
trial:  0
[   3   10 7588 2340   59]
trial:  1
[   2    5 9870   57   66]
trial:  2
[   1    7 7551 2381   60]
偏差: 0.3
trial:  0
[   2    9 9848   71   70]
trial:  1
[   1    6 9009  920   64]
trial:  2
[   2   11 9841   62   84]
偏差: 0.5
trial:  0
[   2   12 8593 1323   70]
trial:  1
[   1   13 9822   80   84]
trial:  2
[   2   16 8678 1233   71]
偏差: 0.7
trial:  0
[   1    8 8875 1060   56]
trial:  1
[   2   15 8260 1653   70]
trial:  2
[   1    7 8286 1648   58]
偏差: 0.9
trial:  0
[   5   13 9134  787   61]
trial:  1
[   2   12 8871 1046   69]
trial:  2
[   2    5 8956  978   59]
偏差: 0
trial:  0
[   2    5 5351 4510  132]
trial:  1
[   1    8 5315 4559  117]
trial:  2
[   1   20 5314 4509  156]
