2022-01-25 23:49:43.089857
trans_prob:
 [[0.9, 0.8, 0.65, 0.63, 0.1], [0.99, 0.85, 0.7, 0.15, 0.01]]
slide finished 23:49:47 [   1    9 4942 4690  358]
slide finished 23:49:51 [   4   17 5183 4421  375]
slide finished 23:49:55 [   3    6 5229 4304  458]
 slide: 0.8711666666666668
slide finished 23:49:58 [   2   27 5054 4513  404]
slide finished 23:50:02 [   2    8 4906 4748  336]
slide finished 23:50:06 [   4   27 4952 4623  394]
 slide: 0.8905
slide finished 23:50:09 [   1    3 5277 4378  341]
2022-01-25 23:50:29.912024
trans_prob:
 [[0.9, 0.8, 0.65, 0.63, 0.1], [0.99, 0.85, 0.7, 0.15, 0.01]]
1 23:50:32 [   1    7 5136 4489  367]
1 23:50:35 [   1    4 4915 4627  453]
1 23:50:38 [   4    6 4999 4446  545]
 slide: 0.8731
2 23:50:42 [   3   17 5070 4519  391]
2 23:50:45 [   2    7 5010 4595  386]
2 23:50:47 [   2    8 5048 4541  401]
 slide: 0.8899
3 23:50:51 [   1   13 5158 4388  440]
3 23:50:53 [   0    4 5107 4402  487]
3 23:50:57 [   1    3 5446 4122  428]
 slide: 0.8712333333333334
4 23:51:00 [   2    8 5151 4473  366]
4 23:51:04 [   1   13 5162 4354  470]
4 23:51:08 [   1    6 4902 4639  452]
 slide: 0.8836333333333334
5 23:51:12 [   1    3 5026 4570  400]
5 23:51:16 [   1    6 5055 4501  437]
5 23:51:19 [   3   11 4998 4598  390]
 slide: 0.8962666666666667
6 23:51:23 [   1    4 5009 4598  388]
6 23:51:26 [   2    8 5306 4307  377]
6 23:51:29 [   5    4 5075 4583  333]
 slide: 0.8816333333333333
7 23:51:33 [   2   16 4887 4699  396]
7 23:51:36 [   1   14 5145 4517  323]
7 23:51:40 [   0    5 5024 4580  391]
 slide: 0.8901666666666667
8 23:51:44 [   4   12 5140 4456  388]
8 23:51:48 [   2    8 5063 4526  401]
8 23:51:51 [   3   31 5164 4445  357]
 slide: 0.8710666666666667
9 23:51:56 [   0    7 5180 4435  378]
9 23:52:00 [   2    7 5040 4504  447]
9 23:52:04 [   3   12 4898 4634  453]
 slide: 0.8832333333333334
10 23:52:08 [   1    3 5244 4257  495]
10 23:52:11 [   2   13 5050 4585  350]
10 23:52:15 [   1    3 5148 4427  421]
 slide: 0.8796666666666667
