2022-01-25 23:57:46.403399
trans_prob:
 [[0.9, 0.8, 0.65, 0.63, 0.1], [0.99, 0.85, 0.7, 0.15, 0.01]]
偏差: 0.1
trial:  0
[   3    7 8933  772  285]
trial:  1
[   8   78 8995  593  326]
trial:  2
[   4    8 9114  590  284]
偏差: 0.3
trial:  0
[   4   16 8764  915  301]
trial:  1
[   5    7 8748  920  320]
trial:  2
[   3   15 9100  559  323]
偏差: 0.5
trial:  0
[   3   14 9229  416  338]
trial:  1
[   5    6 8562 1124  303]
trial:  2
[   4    8 9267  436  285]
偏差: 0.7
trial:  0
[   4   33 8599 1046  318]
trial:  1
[   4   12 8513 1176  295]
trial:  2
[   2    6 9267  419  306]
偏差: 0.9
trial:  0
[   2   14 9074  614  296]
trial:  1
[   3    7 8795  910  285]
trial:  2
[   2   19 9192  457  330]
偏差: 0
trial:  0
[   2   24 5151 4210  613]
trial:  1
[   5    7 5137 4270  581]
trial:  2
[   6   38 4999 4279  678]
